img_r_3.png 430,202,441,209,0,441,207,439,209,433,209,430,207,430,204,434,202,438,202,441,204 357,191,389,212,0,389,212,360,212,359,211,357,198,358,196,364,192,366,191,382,191,389,196
img_r_5.png 430,203,441,210,0,441,208,439,210,434,210,430,208,430,205,434,203,438,203,440,204,441,205 357,191,389,213,0,389,212,388,213,361,213,359,211,357,200,357,198,359,196,365,192,368,191,380,191,383,192,388,196,389,197
img_r_6.png 430,204,441,210,0,441,209,440,210,435,210,430,209,430,206,431,205,434,204,439,204,441,205 357,191,389,213,0,389,213,360,213,359,212,357,199,357,198,358,197,365,192,372,191,376,191,382,192,389,197
img_r_7.png 430,204,441,209,0,441,209,430,209,430,207,431,206,435,204,438,204,440,205,441,206 357,192,389,213,0,389,213,360,213,359,212,357,199,358,197,366,192,382,192,389,197
img_r_8.png 430,205,442,211,0,442,209,440,211,437,211,430,210,430,208,432,206,435,205,439,205,441,206,442,208 358,192,390,214,0,390,200,389,214,360,214,359,212,358,202,358,198,359,197,365,193,369,192,379,192,383,193,388,197,390,199
img_r_12.png 434,208,443,214,0,443,213,441,214,438,213,434,211,434,209,435,208,441,208,443,210 359,194,391,216,0,391,203,390,215,388,216,363,216,361,215,360,214,359,204,359,200,360,199,366,195,370,194,381,194,384,195,390,199,391,201
img_r_13.png 480,215,512,236,0,512,224,511,234,510,236,481,236,480,235,480,221,481,220,488,215,504,215,512,220
img_r_14.png 435,208,443,214,0,443,213,442,214,435,214,435,209,438,208,439,208,442,209,443,210 359,195,391,216,0,391,216,361,216,359,204,359,201,360,200,367,195,383,195,385,196,391,200
img_r_15.png 436,209,444,214,0,444,214,439,214,436,211,436,210,437,209,441,209,443,210,444,211 360,195,392,217,0,392,204,391,217,362,217,361,216,360,205,360,201,367,196,372,195,380,195,385,196,390,200,391,201,392,203
img_r_18.png 440,216,442,217,0,442,217,440,217,441,216,442,216 440,212,445,217,0,445,217,444,217,440,213,440,212,443,212,445,213 361,197,393,219,0,393,218,389,219,388,219,363,218,361,205,361,204,363,202,369,198,373,197,383,197,386,198,392,202,393,203
img_r_19.png 441,212,446,218,0,446,217,442,218,441,217,441,213,442,212,445,213,446,214 362,198,394,219,0,394,207,393,219,364,219,363,218,362,207,362,204,363,203,370,198,386,198,393,203,394,204
img_r_23.png 447,217,448,220,0,448,220,447,220,447,217,448,217 364,200,396,221,0,396,209,395,221,366,221,364,209,364,207,366,205,371,201,374,200,387,200,389,201,395,205,396,206
img_r_24.png 478,215,510,236,0,510,224,509,235,508,236,479,236,478,224,478,222,479,220,486,215,502,215,504,216,510,220
img_r_25.png 365,201,397,222,0,397,208,396,222,367,222,366,221,365,210,365,207,366,206,373,201,389,201,396,206
img_r_26.png 443,216,445,217,0,445,216,444,217,443,216 365,201,397,222,0,397,220,396,222,367,222,365,210,365,208,367,206,373,202,376,201,387,201,390,202,396,206,397,207
img_r_27.png 366,202,398,223,0,398,210,397,223,368,223,367,221,366,211,366,208,367,207,374,202,390,202,397,207,398,208
img_r_28.png 367,202,398,223,0,398,222,397,223,368,223,367,212,367,208,368,207,374,203,378,202,388,202,391,203,397,207,398,208
img_r_29.png 367,203,399,224,0,399,212,398,224,369,224,367,212,367,209,368,208,375,203,391,203,393,204,398,208,399,209
img_r_30.png 368,203,400,224,0,400,211,399,224,370,224,369,223,368,213,368,209,375,204,379,203,389,203,393,204,398,208,399,209
img_r_33.png 369,205,401,226,0,401,224,400,226,372,226,371,225,369,212,370,210,376,206,378,205,394,205,401,210
img_r_34.png 443,221,446,222,0,446,222,443,222,444,221,445,221 370,205,402,226,0,402,214,401,226,372,226,370,214,370,212,372,210,377,206,379,205,394,205,401,210,402,211
img_r_35.png 477,215,509,236,0,509,223,507,236,477,236,477,221,478,220,483,216,485,215,500,215,502,216,508,220,509,222 517,212,523,216,0,523,215,520,216,517,216,517,213,518,212,519,212
img_r_36.png 371,205,403,226,0,403,213,402,226,372,226,371,215,371,211,378,206,385,205,390,205,396,206,401,210,402,211
img_r_37.png 371,206,403,227,0,403,215,402,227,373,227,371,214,371,213,372,211,378,207,380,206,395,206,397,207,402,211,403,212
img_r_38.png 372,206,404,227,0,404,215,403,227,374,227,372,216,372,213,374,211,379,207,383,206,393,206,397,207,402,211,404,213
img_r_39.png 373,207,404,228,0,404,227,403,228,375,228,374,227,373,216,373,213,374,212,381,207,397,207,404,212
img_r_41.png 374,207,406,228,0,406,216,405,228,376,228,375,227,374,217,374,214,375,213,382,208,389,207,392,207,399,208,405,213,406,214
img_r_42.png 375,208,406,229,0,406,218,405,229,376,229,375,218,375,214,376,213,383,208,398,208,400,209,405,213,406,214
img_r_43.png 375,208,407,229,0,407,217,406,229,377,229,375,217,375,215,377,213,383,209,387,208,396,208,400,209,405,213,407,215
img_r_44.png 443,224,453,229,0,453,225,446,229,443,229,443,227,445,225,447,224,453,224 376,209,408,230,0,408,216,407,229,406,230,378,230,377,229,376,218,376,215,377,214,384,209,400,209,407,214
img_r_45.png 443,224,454,230,0,454,225,453,226,447,230,443,230,443,227,444,226,448,224,452,224 377,209,408,230,0,408,219,407,230,378,230,377,219,377,215,378,214,384,210,387,209,399,209,401,210,407,214,408,215
img_r_46.png 475,215,507,236,0,507,224,505,236,475,236,475,221,476,220,482,216,484,215,498,215,500,216,506,220,507,221 513,212,521,217,0,521,217,518,217,514,216,513,215,513,214,515,212,517,212,521,215
img_r_47.png 444,224,455,230,0,455,226,449,230,444,230,444,227,445,226,449,224,452,224,454,225 377,210,409,230,0,409,219,408,230,379,230,377,219,377,216,378,215,385,210,402,210,408,215,409,216
img_r_48.png 444,225,455,230,0,455,226,449,230,444,230,444,227,448,225,454,225 378,210,410,231,0,410,218,409,229,408,231,379,231,378,220,378,216,379,215,385,211,387,210,401,210,403,211,408,215,409,216
img_r_49.png 444,225,455,231,0,455,226,451,231,444,231,444,228,445,227,448,225,453,225 378,210,410,231,0,410,220,409,231,380,231,378,219,378,218,379,216,386,211,392,210,398,210,403,211,410,216
img_r_50.png 444,225,455,231,0,455,227,451,231,444,231,444,229,445,227,449,225,453,225,455,226 379,211,411,232,0,411,220,410,231,409,232,381,232,380,231,379,220,379,218,380,216,387,211,403,211,410,216,411,218